 1 3
 1 5
 1 6
 1 7
 1 8
 1 9
 1 10
 1 12
 1 13
 1 14
 1 17
 1 18
 1 19
 1 20
 1 21
 1 22
 1 23
 1 26
 1 28
 1 29
 1 30
 1 31
 1 32
 1 33
 1 36
 1 41
 1 42
 1 43
 1 45
 1 46
 1 47
 1 49
 1 50
 1 51
 1 52
 1 53
 1 54
 1 58
 1 60
 1 62
 1 64
 1 65
 1 68
 1 69
 1 76
 1 82
 1 83
 1 84
 1 85
 1 86
 1 91
 1 94
 1 95
 1 97
 1 98
 1 99
 1 102
 1 106
 1 107
 1 110
 1 113
 1 116
 1 118
 1 120
 1 121
 1 123
 1 124
 1 127
 1 131
 1 133
 1 134
 1 135
 1 136
 1 138
 1 139
 1 149
 1 150
 1 151
 1 155
 1 156
 1 157
 1 158
 1 160
 1 161
 1 162
 1 163
 1 168
 1 172
 1 174
 1 178
 1 180
 1 184
 1 185
 1 186
 1 187
 1 188
 1 190
 1 192
 1 193
 1 194
 1 197
 1 198
 1 200
 2 3
 2 4
 2 6
 2 7
 2 8
 2 9
 2 10
 2 14
 2 18
 2 19
 2 24
 2 25
 2 26
 2 28
 2 29
 2 30
 2 33
 2 34
 2 37
 2 41
 2 44
 2 45
 2 48
 2 52
 2 53
 2 54
 2 56
 2 57
 2 58
 2 61
 2 67
 2 69
 2 71
 2 74
 2 76
 2 78
 2 82
 2 84
 2 87
 2 88
 2 90
 2 91
 2 92
 2 93
 2 94
 2 96
 2 97
 2 98
 2 100
 2 102
 2 103
 2 107
 2 108
 2 109
 2 110
 2 115
 2 116
 2 118
 2 120
 2 121
 2 128
 2 130
 2 132
 2 136
 2 137
 2 138
 2 139
 2 141
 2 147
 2 148
 2 149
 2 150
 2 157
 2 159
 2 162
 2 164
 2 165
 2 166
 2 168
 2 169
 2 171
 2 174
 2 176
 2 177
 2 179
 2 180
 2 183
 2 185
 2 186
 2 188
 2 189
 2 196
 2 197
 2 199
 2 200
 3 4
 3 7
 3 10
 3 14
 3 19
 3 20
 3 21
 3 22
 3 23
 3 26
 3 29
 3 30
 3 31
 3 33
 3 36
 3 39
 3 40
 3 42
 3 46
 3 50
 3 51
 3 58
 3 59
 3 65
 3 67
 3 69
 3 70
 3 72
 3 74
 3 75
 3 76
 3 77
 3 80
 3 81
 3 82
 3 83
 3 85
 3 87
 3 88
 3 91
 3 94
 3 97
 3 99
 3 101
 3 103
 3 106
 3 107
 3 108
 3 109
 3 111
 3 113
 3 116
 3 120
 3 131
 3 133
 3 134
 3 135
 3 136
 3 138
 3 139
 3 142
 3 143
 3 145
 3 146
 3 147
 3 151
 3 154
 3 159
 3 160
 3 164
 3 165
 3 168
 3 170
 3 171
 3 172
 3 174
 3 175
 3 180
 3 182
 3 187
 3 188
 3 189
 3 190
 3 191
 3 192
 3 193
 3 196
 3 198
 3 199
 4 5
 4 7
 4 10
 4 12
 4 13
 4 14
 4 16
 4 17
 4 20
 4 22
 4 26
 4 27
 4 28
 4 29
 4 30
 4 31
 4 33
 4 34
 4 35
 4 36
 4 37
 4 39
 4 44
 4 46
 4 48
 4 49
 4 53
 4 54
 4 55
 4 59
 4 60
 4 61
 4 62
 4 65
 4 66
 4 70
 4 74
 4 75
 4 80
 4 83
 4 88
 4 89
 4 96
 4 97
 4 99
 4 101
 4 102
 4 104
 4 106
 4 108
 4 109
 4 110
 4 112
 4 113
 4 114
 4 116
 4 117
 4 120
 4 123
 4 127
 4 128
 4 129
 4 130
 4 131
 4 132
 4 133
 4 135
 4 136
 4 139
 4 142
 4 143
 4 147
 4 148
 4 149
 4 153
 4 157
 4 161
 4 164
 4 167
 4 168
 4 169
 4 172
 4 177
 4 178
 4 179
 4 180
 4 183
 4 186
 4 189
 4 191
 4 193
 4 195
 4 196
 4 197
 4 199
 4 200
 5 7
 5 8
 5 9
 5 10
 5 11
 5 13
 5 19
 5 21
 5 22
 5 23
 5 25
 5 26
 5 27
 5 28
 5 30
 5 32
 5 35
 5 36
 5 37
 5 38
 5 39
 5 41
 5 42
 5 44
 5 45
 5 47
 5 50
 5 52
 5 55
 5 60
 5 62
 5 65
 5 66
 5 67
 5 70
 5 72
 5 73
 5 76
 5 77
 5 80
 5 84
 5 85
 5 86
 5 90
 5 91
 5 92
 5 94
 5 103
 5 104
 5 105
 5 106
 5 108
 5 110
 5 111
 5 118
 5 120
 5 121
 5 122
 5 123
 5 125
 5 128
 5 130
 5 132
 5 133
 5 134
 5 135
 5 138
 5 142
 5 147
 5 148
 5 153
 5 155
 5 158
 5 161
 5 164
 5 165
 5 173
 5 176
 5 177
 5 178
 5 180
 5 185
 5 186
 5 187
 5 188
 5 193
 5 196
 5 199
 5 200
 6 8
 6 12
 6 14
 6 15
 6 21
 6 24
 6 25
 6 28
 6 29
 6 34
 6 36
 6 37
 6 39
 6 43
 6 47
 6 48
 6 49
 6 50
 6 53
 6 54
 6 55
 6 56
 6 60
 6 62
 6 64
 6 65
 6 66
 6 69
 6 70
 6 72
 6 73
 6 80
 6 82
 6 84
 6 88
 6 90
 6 91
 6 94
 6 95
 6 98
 6 100
 6 101
 6 102
 6 103
 6 106
 6 109
 6 112
 6 114
 6 116
 6 119
 6 120
 6 121
 6 123
 6 124
 6 126
 6 130
 6 135
 6 136
 6 137
 6 141
 6 147
 6 149
 6 155
 6 156
 6 158
 6 159
 6 160
 6 162
 6 170
 6 171
 6 172
 6 173
 6 174
 6 177
 6 178
 6 180
 6 184
 6 185
 6 189
 6 192
 6 196
 6 197
 6 198
 6 199
 7 11
 7 12
 7 13
 7 17
 7 20
 7 23
 7 25
 7 26
 7 28
 7 29
 7 31
 7 32
 7 40
 7 41
 7 42
 7 43
 7 46
 7 47
 7 48
 7 49
 7 51
 7 54
 7 55
 7 57
 7 61
 7 62
 7 64
 7 65
 7 68
 7 70
 7 71
 7 74
 7 79
 7 81
 7 83
 7 84
 7 85
 7 86
 7 87
 7 89
 7 91
 7 92
 7 95
 7 96
 7 97
 7 99
 7 100
 7 101
 7 102
 7 104
 7 106
 7 107
 7 108
 7 110
 7 111
 7 112
 7 114
 7 116
 7 117
 7 122
 7 123
 7 124
 7 128
 7 134
 7 139
 7 140
 7 141
 7 142
 7 144
 7 145
 7 146
 7 147
 7 150
 7 153
 7 155
 7 157
 7 158
 7 160
 7 161
 7 162
 7 164
 7 165
 7 168
 7 173
 7 174
 7 176
 7 177
 7 179
 7 183
 7 184
 7 185
 7 186
 7 187
 7 188
 7 189
 7 190
 7 191
 7 194
 7 195
 7 196
 7 197
 7 199
 7 200
 8 12
 8 15
 8 16
 8 17
 8 19
 8 20
 8 23
 8 25
 8 26
 8 27
 8 30
 8 33
 8 38
 8 39
 8 42
 8 44
 8 46
 8 47
 8 48
 8 51
 8 52
 8 54
 8 55
 8 58
 8 59
 8 61
 8 62
 8 68
 8 69
 8 74
 8 75
 8 78
 8 80
 8 82
 8 83
 8 84
 8 86
 8 87
 8 90
 8 92
 8 96
 8 98
 8 99
 8 100
 8 101
 8 103
 8 104
 8 105
 8 106
 8 108
 8 110
 8 111
 8 113
 8 114
 8 117
 8 120
 8 121
 8 122
 8 123
 8 127
 8 128
 8 132
 8 133
 8 135
 8 136
 8 142
 8 143
 8 144
 8 146
 8 147
 8 149
 8 150
 8 151
 8 152
 8 153
 8 154
 8 156
 8 158
 8 159
 8 160
 8 162
 8 165
 8 166
 8 167
 8 170
 8 173
 8 175
 8 178
 8 180
 8 181
 8 183
 8 184
 8 185
 8 186
 8 188
 8 192
 8 195
 8 197
 8 198
 8 199
 8 200
 9 10
 9 11
 9 12
 9 16
 9 17
 9 18
 9 19
 9 20
 9 22
 9 24
 9 25
 9 27
 9 30
 9 32
 9 33
 9 36
 9 38
 9 39
 9 43
 9 46
 9 47
 9 49
 9 50
 9 51
 9 52
 9 53
 9 56
 9 57
 9 58
 9 59
 9 63
 9 65
 9 67
 9 68
 9 71
 9 77
 9 79
 9 81
 9 82
 9 90
 9 94
 9 95
 9 96
 9 99
 9 100
 9 101
 9 102
 9 108
 9 110
 9 117
 9 118
 9 119
 9 121
 9 124
 9 125
 9 126
 9 127
 9 133
 9 134
 9 135
 9 136
 9 137
 9 138
 9 140
 9 141
 9 144
 9 145
 9 147
 9 148
 9 153
 9 155
 9 156
 9 157
 9 158
 9 163
 9 164
 9 167
 9 168
 9 170
 9 173
 9 176
 9 179
 9 181
 9 182
 9 184
 9 187
 9 188
 9 192
 9 193
 9 195
 9 197
 9 198
 9 199
 10 14
 10 16
 10 17
 10 18
 10 20
 10 24
 10 28
 10 31
 10 32
 10 33
 10 34
 10 35
 10 39
 10 46
 10 47
 10 49
 10 50
 10 51
 10 52
 10 53
 10 55
 10 57
 10 58
 10 62
 10 63
 10 65
 10 69
 10 71
 10 72
 10 73
 10 74
 10 75
 10 77
 10 79
 10 80
 10 81
 10 83
 10 84
 10 85
 10 86
 10 89
 10 90
 10 92
 10 95
 10 96
 10 99
 10 101
 10 103
 10 105
 10 107
 10 108
 10 111
 10 114
 10 116
 10 118
 10 120
 10 122
 10 124
 10 126
 10 128
 10 131
 10 132
 10 133
 10 134
 10 135
 10 136
 10 138
 10 143
 10 145
 10 146
 10 150
 10 151
 10 152
 10 153
 10 154
 10 156
 10 159
 10 160
 10 162
 10 163
 10 167
 10 170
 10 171
 10 173
 10 175
 10 181
 10 182
 10 183
 10 187
 10 188
 10 189
 10 192
 10 193
 10 194
 10 195
 10 196
 10 198
 11 16
 11 24
 11 25
 11 31
 11 36
 11 37
 11 38
 11 39
 11 41
 11 42
 11 44
 11 46
 11 47
 11 48
 11 49
 11 50
 11 53
 11 54
 11 59
 11 60
 11 61
 11 62
 11 64
 11 69
 11 70
 11 73
 11 75
 11 77
 11 78
 11 80
 11 81
 11 82
 11 83
 11 84
 11 85
 11 86
 11 87
 11 88
 11 90
 11 91
 11 97
 11 99
 11 100
 11 101
 11 102
 11 104
 11 105
 11 106
 11 107
 11 109
 11 110
 11 112
 11 113
 11 114
 11 117
 11 121
 11 123
 11 124
 11 125
 11 130
 11 134
 11 135
 11 137
 11 138
 11 139
 11 140
 11 141
 11 142
 11 145
 11 149
 11 151
 11 152
 11 153
 11 154
 11 155
 11 156
 11 157
 11 160
 11 164
 11 165
 11 169
 11 170
 11 173
 11 175
 11 176
 11 181
 11 182
 11 183
 11 185
 11 188
 11 190
 11 191
 11 194
 11 195
 11 196
 11 199
 12 14
 12 15
 12 16
 12 19
 12 20
 12 21
 12 22
 12 28
 12 29
 12 32
 12 34
 12 35
 12 39
 12 40
 12 41
 12 42
 12 44
 12 45
 12 46
 12 49
 12 51
 12 53
 12 55
 12 56
 12 57
 12 58
 12 60
 12 61
 12 63
 12 64
 12 67
 12 70
 12 71
 12 72
 12 73
 12 74
 12 75
 12 76
 12 77
 12 82
 12 83
 12 85
 12 86
 12 89
 12 91
 12 92
 12 93
 12 95
 12 98
 12 99
 12 100
 12 101
 12 104
 12 108
 12 109
 12 111
 12 112
 12 113
 12 115
 12 119
 12 120
 12 125
 12 126
 12 127
 12 128
 12 130
 12 135
 12 137
 12 138
 12 142
 12 145
 12 146
 12 148
 12 151
 12 152
 12 153
 12 154
 12 155
 12 156
 12 157
 12 161
 12 162
 12 165
 12 166
 12 168
 12 172
 12 173
 12 176
 12 178
 12 181
 12 184
 12 186
 12 187
 12 190
 12 192
 12 193
 12 195
 12 197
 12 199
 12 200
 13 14
 13 15
 13 16
 13 17
 13 21
 13 22
 13 24
 13 26
 13 27
 13 28
 13 29
 13 30
 13 32
 13 33
 13 36
 13 37
 13 38
 13 40
 13 42
 13 43
 13 47
 13 48
 13 53
 13 54
 13 56
 13 58
 13 62
 13 63
 13 66
 13 69
 13 70
 13 72
 13 74
 13 75
 13 78
 13 83
 13 85
 13 86
 13 87
 13 88
 13 89
 13 95
 13 97
 13 99
 13 100
 13 101
 13 102
 13 105
 13 107
 13 109
 13 110
 13 111
 13 113
 13 115
 13 117
 13 119
 13 121
 13 122
 13 123
 13 124
 13 127
 13 129
 13 130
 13 131
 13 132
 13 133
 13 135
 13 140
 13 142
 13 143
 13 145
 13 148
 13 150
 13 153
 13 154
 13 155
 13 156
 13 157
 13 159
 13 160
 13 161
 13 166
 13 170
 13 176
 13 178
 13 182
 13 184
 13 185
 13 188
 13 189
 13 190
 13 191
 13 195
 13 199
 13 200
 14 15
 14 18
 14 19
 14 21
 14 22
 14 23
 14 25
 14 28
 14 31
 14 33
 14 35
 14 38
 14 41
 14 43
 14 44
 14 45
 14 46
 14 52
 14 53
 14 54
 14 58
 14 62
 14 64
 14 67
 14 73
 14 75
 14 76
 14 77
 14 78
 14 83
 14 85
 14 86
 14 90
 14 91
 14 94
 14 95
 14 100
 14 101
 14 102
 14 103
 14 107
 14 109
 14 111
 14 112
 14 114
 14 117
 14 118
 14 119
 14 121
 14 124
 14 127
 14 128
 14 130
 14 133
 14 134
 14 135
 14 138
 14 140
 14 141
 14 142
 14 145
 14 147
 14 148
 14 149
 14 151
 14 152
 14 154
 14 155
 14 156
 14 160
 14 163
 14 165
 14 166
 14 167
 14 169
 14 171
 14 174
 14 177
 14 178
 14 180
 14 186
 14 187
 14 190
 14 191
 14 196
 14 199
 14 200
 15 16
 15 18
 15 21
 15 24
 15 26
 15 27
 15 29
 15 30
 15 31
 15 34
 15 36
 15 46
 15 48
 15 49
 15 50
 15 51
 15 52
 15 55
 15 59
 15 61
 15 62
 15 63
 15 66
 15 67
 15 68
 15 70
 15 74
 15 75
 15 76
 15 77
 15 81
 15 82
 15 83
 15 85
 15 86
 15 87
 15 88
 15 92
 15 95
 15 96
 15 99
 15 100
 15 101
 15 103
 15 104
 15 106
 15 109
 15 114
 15 115
 15 116
 15 117
 15 122
 15 123
 15 124
 15 125
 15 130
 15 135
 15 137
 15 139
 15 140
 15 141
 15 145
 15 146
 15 148
 15 149
 15 150
 15 154
 15 155
 15 157
 15 159
 15 163
 15 165
 15 167
 15 168
 15 169
 15 171
 15 174
 15 175
 15 179
 15 185
 15 186
 15 188
 15 190
 15 191
 15 193
 15 194
 15 196
 15 197
 15 199
 15 200
 16 17
 16 19
 16 21
 16 23
 16 25
 16 26
 16 27
 16 28
 16 31
 16 32
 16 33
 16 35
 16 37
 16 38
 16 40
 16 43
 16 44
 16 46
 16 48
 16 49
 16 52
 16 56
 16 61
 16 62
 16 63
 16 65
 16 68
 16 69
 16 73
 16 79
 16 81
 16 84
 16 86
 16 89
 16 91
 16 97
 16 98
 16 99
 16 100
 16 101
 16 103
 16 104
 16 105
 16 111
 16 112
 16 113
 16 114
 16 116
 16 117
 16 118
 16 119
 16 120
 16 122
 16 124
 16 125
 16 126
 16 127
 16 128
 16 129
 16 130
 16 132
 16 134
 16 141
 16 142
 16 144
 16 146
 16 147
 16 148
 16 150
 16 151
 16 153
 16 154
 16 155
 16 156
 16 161
 16 163
 16 164
 16 165
 16 166
 16 167
 16 168
 16 169
 16 170
 16 171
 16 173
 16 174
 16 179
 16 180
 16 181
 16 182
 16 183
 16 184
 16 185
 16 187
 16 190
 16 193
 16 194
 16 195
 16 198
 16 199
 17 18
 17 19
 17 20
 17 24
 17 29
 17 30
 17 31
 17 32
 17 33
 17 35
 17 36
 17 37
 17 39
 17 41
 17 42
 17 44
 17 45
 17 48
 17 49
 17 50
 17 51
 17 54
 17 57
 17 59
 17 60
 17 61
 17 63
 17 64
 17 67
 17 69
 17 70
 17 71
 17 73
 17 74
 17 78
 17 81
 17 83
 17 86
 17 88
 17 90
 17 93
 17 94
 17 95
 17 97
 17 98
 17 99
 17 102
 17 104
 17 105
 17 106
 17 108
 17 110
 17 111
 17 112
 17 113
 17 115
 17 117
 17 119
 17 120
 17 121
 17 123
 17 124
 17 125
 17 126
 17 130
 17 131
 17 135
 17 137
 17 139
 17 141
 17 142
 17 146
 17 147
 17 148
 17 151
 17 155
 17 159
 17 160
 17 162
 17 163
 17 164
 17 165
 17 167
 17 169
 17 171
 17 175
 17 176
 17 177
 17 179
 17 181
 17 182
 17 183
 17 186
 17 190
 17 192
 17 193
 17 194
 17 196
 17 199
 17 200
 18 20
 18 21
 18 22
 18 24
 18 29
 18 31
 18 32
 18 36
 18 38
 18 40
 18 42
 18 48
 18 49
 18 50
 18 51
 18 54
 18 56
 18 57
 18 58
 18 59
 18 60
 18 61
 18 62
 18 64
 18 66
 18 67
 18 68
 18 72
 18 74
 18 77
 18 78
 18 79
 18 80
 18 81
 18 83
 18 84
 18 85
 18 86
 18 87
 18 90
 18 92
 18 95
 18 96
 18 98
 18 100
 18 101
 18 103
 18 104
 18 106
 18 109
 18 110
 18 111
 18 112
 18 113
 18 115
 18 119
 18 121
 18 122
 18 123
 18 125
 18 126
 18 133
 18 137
 18 138
 18 139
 18 140
 18 143
 18 147
 18 152
 18 155
 18 158
 18 160
 18 169
 18 172
 18 176
 18 177
 18 178
 18 180
 18 184
 18 185
 18 188
 18 189
 18 191
 18 196
 18 197
 18 198
 18 199
 18 200
 19 20
 19 22
 19 23
 19 24
 19 26
 19 28
 19 30
 19 34
 19 36
 19 37
 19 38
 19 41
 19 42
 19 44
 19 45
 19 46
 19 49
 19 50
 19 51
 19 52
 19 57
 19 58
 19 59
 19 60
 19 61
 19 63
 19 64
 19 67
 19 68
 19 69
 19 70
 19 71
 19 72
 19 73
 19 80
 19 81
 19 84
 19 85
 19 86
 19 87
 19 88
 19 89
 19 90
 19 95
 19 97
 19 98
 19 99
 19 102
 19 105
 19 110
 19 111
 19 112
 19 113
 19 114
 19 115
 19 118
 19 119
 19 121
 19 123
 19 124
 19 126
 19 127
 19 128
 19 131
 19 133
 19 136
 19 137
 19 138
 19 144
 19 145
 19 146
 19 147
 19 151
 19 152
 19 154
 19 156
 19 158
 19 159
 19 162
 19 163
 19 164
 19 165
 19 167
 19 168
 19 169
 19 176
 19 180
 19 181
 19 184
 19 187
 19 189
 19 192
 19 194
 19 195
 19 196
 19 197
 19 200
 20 21
 20 24
 20 25
 20 26
 20 28
 20 31
 20 34
 20 35
 20 36
 20 39
 20 40
 20 42
 20 44
 20 47
 20 50
 20 51
 20 52
 20 55
 20 56
 20 61
 20 62
 20 63
 20 64
 20 65
 20 68
 20 69
 20 72
 20 74
 20 76
 20 79
 20 80
 20 83
 20 86
 20 87
 20 88
 20 89
 20 90
 20 92
 20 93
 20 94
 20 95
 20 96
 20 97
 20 99
 20 101
 20 102
 20 108
 20 110
 20 114
 20 115
 20 116
 20 118
 20 120
 20 121
 20 122
 20 124
 20 125
 20 130
 20 131
 20 132
 20 135
 20 137
 20 138
 20 139
 20 140
 20 144
 20 146
 20 147
 20 149
 20 152
 20 153
 20 157
 20 161
 20 162
 20 163
 20 166
 20 168
 20 170
 20 171
 20 172
 20 173
 20 175
 20 176
 20 177
 20 179
 20 182
 20 184
 20 186
 20 187
 20 191
 20 192
 20 193
 20 194
 20 195
 20 196
 20 198
 20 199
 20 200
 21 23
 21 24
 21 25
 21 27
 21 28
 21 29
 21 31
 21 33
 21 34
 21 35
 21 37
 21 38
 21 39
 21 41
 21 42
 21 43
 21 44
 21 45
 21 47
 21 53
 21 57
 21 58
 21 65
 21 66
 21 67
 21 68
 21 69
 21 73
 21 77
 21 79
 21 84
 21 86
 21 87
 21 89
 21 90
 21 91
 21 99
 21 100
 21 104
 21 106
 21 108
 21 109
 21 113
 21 114
 21 115
 21 116
 21 117
 21 118
 21 119
 21 121
 21 122
 21 123
 21 126
 21 127
 21 128
 21 132
 21 134
 21 135
 21 138
 21 139
 21 142
 21 143
 21 148
 21 151
 21 160
 21 161
 21 162
 21 163
 21 167
 21 169
 21 176
 21 178
 21 179
 21 180
 21 181
 21 183
 21 186
 21 190
 21 192
 21 195
 21 196
 21 197
 22 23
 22 24
 22 26
 22 29
 22 31
 22 36
 22 37
 22 38
 22 40
 22 43
 22 44
 22 47
 22 52
 22 55
 22 56
 22 57
 22 58
 22 59
 22 60
 22 61
 22 64
 22 66
 22 68
 22 69
 22 72
 22 73
 22 77
 22 78
 22 79
 22 81
 22 82
 22 84
 22 85
 22 86
 22 88
 22 90
 22 91
 22 92
 22 93
 22 94
 22 97
 22 102
 22 103
 22 104
 22 105
 22 106
 22 107
 22 108
 22 109
 22 110
 22 111
 22 113
 22 114
 22 116
 22 122
 22 126
 22 128
 22 129
 22 130
 22 132
 22 133
 22 135
 22 136
 22 142
 22 145
 22 147
 22 148
 22 149
 22 150
 22 153
 22 154
 22 156
 22 157
 22 158
 22 160
 22 164
 22 170
 22 171
 22 174
 22 175
 22 178
 22 179
 22 180
 22 184
 22 185
 22 186
 22 188
 22 190
 22 193
 22 194
 22 198
 22 199
 23 25
 23 27
 23 29
 23 30
 23 32
 23 33
 23 35
 23 36
 23 37
 23 38
 23 39
 23 43
 23 44
 23 45
 23 46
 23 47
 23 48
 23 54
 23 55
 23 59
 23 60
 23 61
 23 62
 23 64
 23 67
 23 71
 23 73
 23 76
 23 78
 23 79
 23 82
 23 83
 23 84
 23 87
 23 88
 23 90
 23 93
 23 94
 23 95
 23 98
 23 100
 23 102
 23 104
 23 105
 23 107
 23 109
 23 116
 23 118
 23 121
 23 122
 23 129
 23 130
 23 132
 23 133
 23 139
 23 140
 23 142
 23 143
 23 144
 23 145
 23 146
 23 148
 23 149
 23 150
 23 151
 23 152
 23 153
 23 158
 23 162
 23 163
 23 165
 23 166
 23 167
 23 168
 23 169
 23 176
 23 179
 23 182
 23 185
 23 186
 23 188
 23 189
 23 191
 23 192
 23 193
 23 196
 23 197
 23 199
 24 26
 24 28
 24 29
 24 30
 24 33
 24 39
 24 40
 24 43
 24 46
 24 52
 24 57
 24 59
 24 61
 24 62
 24 63
 24 65
 24 67
 24 68
 24 69
 24 70
 24 71
 24 72
 24 73
 24 74
 24 75
 24 76
 24 77
 24 79
 24 80
 24 84
 24 85
 24 86
 24 89
 24 90
 24 94
 24 96
 24 99
 24 100
 24 103
 24 104
 24 106
 24 109
 24 111
 24 113
 24 114
 24 117
 24 118
 24 120
 24 121
 24 125
 24 126
 24 127
 24 130
 24 133
 24 139
 24 140
 24 143
 24 144
 24 145
 24 151
 24 155
 24 156
 24 157
 24 158
 24 164
 24 165
 24 167
 24 168
 24 169
 24 170
 24 171
 24 172
 24 173
 24 177
 24 178
 24 179
 24 180
 24 182
 24 183
 24 185
 24 187
 24 188
 24 193
 24 194
 24 195
 24 196
 24 197
 24 198
 24 199
 24 200
 25 26
 25 27
 25 29
 25 30
 25 33
 25 34
 25 36
 25 37
 25 40
 25 41
 25 42
 25 43
 25 52
 25 55
 25 57
 25 58
 25 59
 25 63
 25 67
 25 70
 25 75
 25 78
 25 79
 25 84
 25 85
 25 87
 25 88
 25 93
 25 94
 25 97
 25 102
 25 103
 25 105
 25 107
 25 108
 25 111
 25 113
 25 115
 25 116
 25 117
 25 120
 25 121
 25 125
 25 126
 25 127
 25 129
 25 130
 25 134
 25 139
 25 140
 25 141
 25 143
 25 144
 25 145
 25 146
 25 148
 25 149
 25 151
 25 152
 25 156
 25 158
 25 159
 25 160
 25 166
 25 168
 25 169
 25 172
 25 173
 25 176
 25 177
 25 179
 25 181
 25 182
 25 183
 25 185
 25 188
 25 190
 25 192
 25 193
 25 194
 25 195
 25 197
 25 199
 25 200
 26 28
 26 29
 26 30
 26 31
 26 34
 26 35
 26 36
 26 37
 26 38
 26 39
 26 43
 26 45
 26 47
 26 50
 26 55
 26 56
 26 57
 26 59
 26 61
 26 63
 26 66
 26 68
 26 74
 26 77
 26 78
 26 80
 26 82
 26 83
 26 88
 26 89
 26 92
 26 93
 26 94
 26 95
 26 97
 26 99
 26 101
 26 102
 26 103
 26 108
 26 110
 26 112
 26 120
 26 121
 26 122
 26 127
 26 128
 26 129
 26 130
 26 138
 26 139
 26 141
 26 142
 26 144
 26 146
 26 147
 26 148
 26 151
 26 152
 26 154
 26 157
 26 159
 26 165
 26 167
 26 170
 26 171
 26 172
 26 175
 26 177
 26 179
 26 180
 26 181
 26 182
 26 183
 26 184
 26 187
 26 188
 26 189
 26 190
 26 192
 26 195
 26 196
 26 197
 26 198
 26 199
 27 28
 27 31
 27 34
 27 36
 27 37
 27 39
 27 40
 27 42
 27 46
 27 47
 27 56
 27 57
 27 58
 27 59
 27 61
 27 62
 27 63
 27 67
 27 68
 27 69
 27 70
 27 73
 27 74
 27 77
 27 82
 27 85
 27 88
 27 90
 27 94
 27 95
 27 101
 27 102
 27 105
 27 106
 27 110
 27 111
 27 112
 27 115
 27 116
 27 119
 27 120
 27 121
 27 123
 27 124
 27 128
 27 131
 27 133
 27 135
 27 137
 27 139
 27 140
 27 141
 27 143
 27 146
 27 147
 27 148
 27 149
 27 150
 27 152
 27 153
 27 154
 27 155
 27 156
 27 158
 27 159
 27 160
 27 162
 27 163
 27 168
 27 173
 27 174
 27 175
 27 176
 27 177
 27 178
 27 182
 27 184
 27 185
 27 190
 27 191
 27 192
 27 198
 27 199
 28 30
 28 32
 28 36
 28 37
 28 38
 28 39
 28 40
 28 43
 28 44
 28 45
 28 46
 28 48
 28 50
 28 51
 28 53
 28 55
 28 56
 28 58
 28 59
 28 60
 28 62
 28 64
 28 65
 28 66
 28 73
 28 74
 28 75
 28 76
 28 80
 28 82
 28 83
 28 84
 28 85
 28 87
 28 88
 28 93
 28 94
 28 95
 28 96
 28 101
 28 104
 28 105
 28 106
 28 109
 28 111
 28 113
 28 116
 28 117
 28 118
 28 119
 28 120
 28 121
 28 122
 28 123
 28 126
 28 129
 28 131
 28 132
 28 133
 28 134
 28 135
 28 137
 28 141
 28 142
 28 143
 28 144
 28 146
 28 147
 28 151
 28 153
 28 157
 28 158
 28 159
 28 161
 28 162
 28 163
 28 167
 28 168
 28 169
 28 170
 28 171
 28 172
 28 173
 28 175
 28 176
 28 177
 28 178
 28 179
 28 180
 28 181
 28 185
 28 188
 28 192
 28 193
 28 194
 28 196
 28 200
 29 32
 29 33
 29 34
 29 35
 29 36
 29 38
 29 41
 29 45
 29 47
 29 51
 29 53
 29 57
 29 58
 29 66
 29 68
 29 69
 29 73
 29 76
 29 78
 29 79
 29 80
 29 82
 29 83
 29 85
 29 86
 29 87
 29 90
 29 91
 29 93
 29 94
 29 97
 29 100
 29 101
 29 102
 29 103
 29 105
 29 106
 29 108
 29 111
 29 112
 29 113
 29 115
 29 116
 29 118
 29 119
 29 123
 29 124
 29 127
 29 128
 29 132
 29 135
 29 136
 29 137
 29 139
 29 140
 29 142
 29 144
 29 146
 29 147
 29 149
 29 150
 29 151
 29 155
 29 156
 29 158
 29 159
 29 163
 29 164
 29 165
 29 167
 29 168
 29 169
 29 171
 29 173
 29 175
 29 178
 29 179
 29 180
 29 181
 29 186
 29 187
 29 189
 29 195
 29 199
 29 200
 30 33
 30 34
 30 35
 30 36
 30 39
 30 40
 30 41
 30 42
 30 43
 30 44
 30 45
 30 46
 30 56
 30 60
 30 61
 30 62
 30 63
 30 65
 30 67
 30 68
 30 69
 30 70
 30 73
 30 74
 30 75
 30 76
 30 77
 30 80
 30 81
 30 82
 30 83
 30 90
 30 92
 30 94
 30 97
 30 98
 30 100
 30 101
 30 102
 30 104
 30 107
 30 108
 30 110
 30 111
 30 114
 30 115
 30 116
 30 117
 30 118
 30 120
 30 122
 30 123
 30 125
 30 126
 30 128
 30 129
 30 132
 30 136
 30 137
 30 138
 30 140
 30 141
 30 143
 30 144
 30 151
 30 154
 30 155
 30 160
 30 162
 30 165
 30 166
 30 167
 30 170
 30 176
 30 179
 30 184
 30 186
 30 187
 30 189
 30 191
 30 192
 30 199
 31 32
 31 33
 31 36
 31 37
 31 38
 31 39
 31 41
 31 42
 31 43
 31 44
 31 50
 31 51
 31 53
 31 55
 31 56
 31 58
 31 65
 31 67
 31 69
 31 73
 31 76
 31 77
 31 79
 31 80
 31 83
 31 84
 31 86
 31 92
 31 93
 31 94
 31 96
 31 97
 31 98
 31 99
 31 104
 31 105
 31 106
 31 107
 31 108
 31 110
 31 111
 31 117
 31 118
 31 120
 31 122
 31 125
 31 132
 31 136
 31 139
 31 142
 31 145
 31 146
 31 147
 31 148
 31 149
 31 151
 31 152
 31 156
 31 158
 31 159
 31 161
 31 162
 31 163
 31 166
 31 167
 31 170
 31 173
 31 176
 31 178
 31 179
 31 180
 31 183
 31 188
 31 189
 31 190
 31 191
 31 195
 31 196
 31 197
 31 200
 32 33
 32 34
 32 36
 32 38
 32 40
 32 41
 32 45
 32 47
 32 49
 32 50
 32 51
 32 52
 32 55
 32 56
 32 57
 32 58
 32 59
 32 62
 32 64
 32 71
 32 72
 32 74
 32 75
 32 78
 32 79
 32 81
 32 84
 32 85
 32 86
 32 87
 32 91
 32 92
 32 95
 32 96
 32 98
 32 99
 32 102
 32 105
 32 106
 32 111
 32 113
 32 116
 32 117
 32 118
 32 119
 32 122
 32 123
 32 124
 32 126
 32 129
 32 130
 32 131
 32 134
 32 136
 32 137
 32 139
 32 140
 32 142
 32 145
 32 146
 32 148
 32 150
 32 151
 32 154
 32 156
 32 160
 32 163
 32 164
 32 165
 32 166
 32 170
 32 171
 32 172
 32 173
 32 176
 32 177
 32 178
 32 180
 32 181
 32 182
 32 187
 32 188
 32 191
 32 194
 32 196
 32 197
 33 34
 33 35
 33 36
 33 38
 33 39
 33 41
 33 42
 33 43
 33 44
 33 46
 33 47
 33 48
 33 51
 33 53
 33 59
 33 60
 33 62
 33 65
 33 68
 33 69
 33 70
 33 71
 33 72
 33 74
 33 76
 33 77
 33 78
 33 80
 33 81
 33 83
 33 86
 33 89
 33 90
 33 93
 33 99
 33 100
 33 101
 33 103
 33 109
 33 110
 33 112
 33 115
 33 116
 33 119
 33 120
 33 121
 33 124
 33 125
 33 127
 33 128
 33 129
 33 130
 33 133
 33 135
 33 136
 33 137
 33 138
 33 144
 33 146
 33 149
 33 152
 33 154
 33 158
 33 161
 33 166
 33 167
 33 173
 33 176
 33 177
 33 184
 33 188
 33 190
 33 191
 33 194
 33 195
 33 197
 34 35
 34 37
 34 39
 34 41
 34 43
 34 49
 34 50
 34 55
 34 57
 34 58
 34 60
 34 61
 34 65
 34 68
 34 69
 34 71
 34 72
 34 73
 34 75
 34 78
 34 80
 34 81
 34 83
 34 85
 34 89
 34 91
 34 92
 34 93
 34 96
 34 98
 34 99
 34 100
 34 101
 34 102
 34 104
 34 105
 34 109
 34 111
 34 112
 34 115
 34 116
 34 125
 34 126
 34 128
 34 129
 34 131
 34 133
 34 137
 34 140
 34 141
 34 145
 34 147
 34 148
 34 151
 34 153
 34 154
 34 159
 34 161
 34 162
 34 163
 34 164
 34 165
 34 166
 34 168
 34 169
 34 170
 34 171
 34 173
 34 175
 34 176
 34 177
 34 179
 34 182
 34 183
 34 184
 34 185
 34 187
 34 188
 34 191
 34 192
 34 194
 34 195
 34 196
 34 197
 34 198
 34 200
 35 40
 35 42
 35 43
 35 44
 35 45
 35 46
 35 48
 35 49
 35 51
 35 53
 35 55
 35 57
 35 58
 35 60
 35 61
 35 65
 35 66
 35 67
 35 69
 35 71
 35 72
 35 75
 35 77
 35 78
 35 79
 35 83
 35 84
 35 85
 35 87
 35 88
 35 89
 35 92
 35 93
 35 95
 35 97
 35 100
 35 105
 35 106
 35 109
 35 110
 35 112
 35 114
 35 115
 35 117
 35 118
 35 120
 35 124
 35 125
 35 127
 35 128
 35 130
 35 132
 35 133
 35 134
 35 135
 35 136
 35 137
 35 138
 35 139
 35 141
 35 143
 35 144
 35 147
 35 148
 35 149
 35 150
 35 151
 35 152
 35 155
 35 158
 35 160
 35 161
 35 162
 35 163
 35 165
 35 168
 35 170
 35 171
 35 173
 35 177
 35 182
 35 183
 35 184
 35 189
 35 191
 35 192
 35 194
 35 196
 35 200
 36 37
 36 40
 36 41
 36 42
 36 43
 36 45
 36 51
 36 54
 36 56
 36 58
 36 60
 36 61
 36 62
 36 63
 36 66
 36 68
 36 69
 36 71
 36 74
 36 76
 36 80
 36 81
 36 83
 36 85
 36 87
 36 88
 36 92
 36 96
 36 98
 36 100
 36 102
 36 104
 36 105
 36 106
 36 107
 36 108
 36 109
 36 112
 36 114
 36 116
 36 119
 36 120
 36 121
 36 122
 36 124
 36 130
 36 131
 36 135
 36 136
 36 137
 36 138
 36 139
 36 142
 36 145
 36 146
 36 147
 36 148
 36 149
 36 150
 36 151
 36 153
 36 154
 36 157
 36 158
 36 159
 36 162
 36 164
 36 168
 36 169
 36 175
 36 176
 36 178
 36 179
 36 180
 36 181
 36 182
 36 184
 36 185
 36 186
 36 189
 36 192
 36 195
 36 197
 37 38
 37 39
 37 41
 37 42
 37 44
 37 46
 37 48
 37 50
 37 51
 37 52
 37 53
 37 54
 37 55
 37 57
 37 59
 37 61
 37 63
 37 64
 37 65
 37 66
 37 68
 37 69
 37 70
 37 73
 37 75
 37 76
 37 79
 37 80
 37 81
 37 84
 37 86
 37 87
 37 88
 37 89
 37 90
 37 91
 37 95
 37 97
 37 98
 37 99
 37 104
 37 105
 37 106
 37 107
 37 109
 37 112
 37 113
 37 114
 37 116
 37 118
 37 121
 37 123
 37 124
 37 127
 37 130
 37 131
 37 136
 37 138
 37 140
 37 143
 37 145
 37 147
 37 148
 37 149
 37 150
 37 152
 37 153
 37 159
 37 161
 37 165
 37 167
 37 168
 37 169
 37 173
 37 174
 37 175
 37 176
 37 177
 37 178
 37 179
 37 180
 37 184
 37 185
 37 186
 37 189
 37 191
 37 193
 37 194
 37 195
 37 196
 37 198
 37 199
 38 40
 38 41
 38 42
 38 43
 38 45
 38 47
 38 48
 38 50
 38 51
 38 53
 38 54
 38 56
 38 58
 38 59
 38 62
 38 63
 38 70
 38 72
 38 77
 38 78
 38 80
 38 82
 38 84
 38 85
 38 86
 38 87
 38 91
 38 95
 38 98
 38 99
 38 100
 38 103
 38 106
 38 108
 38 111
 38 112
 38 113
 38 114
 38 117
 38 120
 38 123
 38 124
 38 125
 38 128
 38 129
 38 130
 38 132
 38 133
 38 140
 38 141
 38 143
 38 145
 38 146
 38 147
 38 149
 38 150
 38 152
 38 153
 38 157
 38 158
 38 161
 38 162
 38 169
 38 172
 38 173
 38 175
 38 179
 38 180
 38 181
 38 185
 38 186
 38 188
 38 190
 38 191
 38 193
 38 198
 38 199
 38 200
 39 41
 39 42
 39 43
 39 49
 39 50
 39 51
 39 54
 39 55
 39 56
 39 57
 39 59
 39 63
 39 66
 39 67
 39 69
 39 70
 39 71
 39 73
 39 78
 39 79
 39 80
 39 85
 39 86
 39 87
 39 90
 39 93
 39 97
 39 98
 39 99
 39 109
 39 111
 39 112
 39 113
 39 119
 39 120
 39 124
 39 126
 39 127
 39 129
 39 130
 39 131
 39 133
 39 137
 39 138
 39 143
 39 144
 39 147
 39 148
 39 154
 39 156
 39 157
 39 158
 39 159
 39 162
 39 165
 39 166
 39 168
 39 171
 39 172
 39 173
 39 175
 39 178
 39 179
 39 180
 39 184
 39 185
 39 188
 39 189
 39 190
 39 192
 39 193
 39 195
 39 196
 39 198
 39 199
 39 200
 40 41
 40 42
 40 44
 40 46
 40 47
 40 52
 40 53
 40 54
 40 55
 40 57
 40 58
 40 59
 40 61
 40 65
 40 68
 40 69
 40 70
 40 72
 40 76
 40 77
 40 78
 40 80
 40 82
 40 83
 40 85
 40 87
 40 91
 40 92
 40 95
 40 96
 40 98
 40 99
 40 101
 40 102
 40 104
 40 105
 40 107
 40 109
 40 113
 40 115
 40 116
 40 117
 40 118
 40 119
 40 121
 40 123
 40 124
 40 126
 40 129
 40 131
 40 133
 40 134
 40 135
 40 137
 40 139
 40 140
 40 141
 40 143
 40 150
 40 151
 40 153
 40 155
 40 157
 40 158
 40 161
 40 162
 40 165
 40 169
 40 170
 40 171
 40 176
 40 178
 40 179
 40 182
 40 183
 40 185
 40 188
 40 190
 40 191
 40 195
 40 198
 40 200
 41 45
 41 47
 41 48
 41 50
 41 51
 41 53
 41 54
 41 55
 41 56
 41 59
 41 61
 41 63
 41 64
 41 65
 41 68
 41 74
 41 79
 41 80
 41 83
 41 87
 41 90
 41 92
 41 93
 41 97
 41 98
 41 101
 41 102
 41 103
 41 105
 41 106
 41 108
 41 109
 41 110
 41 111
 41 114
 41 121
 41 125
 41 126
 41 127
 41 129
 41 130
 41 131
 41 134
 41 136
 41 138
 41 141
 41 142
 41 143
 41 144
 41 150
 41 155
 41 160
 41 163
 41 164
 41 165
 41 166
 41 167
 41 168
 41 169
 41 175
 41 177
 41 178
 41 179
 41 180
 41 182
 41 183
 41 185
 41 187
 41 188
 41 189
 41 190
 41 195
 41 197
 41 199
 42 45
 42 46
 42 50
 42 51
 42 52
 42 53
 42 54
 42 59
 42 60
 42 62
 42 63
 42 64
 42 65
 42 66
 42 67
 42 69
 42 70
 42 71
 42 72
 42 74
 42 75
 42 79
 42 82
 42 83
 42 84
 42 89
 42 91
 42 92
 42 93
 42 94
 42 95
 42 98
 42 104
 42 111
 42 112
 42 114
 42 116
 42 119
 42 120
 42 121
 42 123
 42 125
 42 129
 42 130
 42 131
 42 132
 42 135
 42 136
 42 137
 42 139
 42 140
 42 142
 42 143
 42 144
 42 147
 42 149
 42 150
 42 152
 42 153
 42 154
 42 155
 42 157
 42 161
 42 163
 42 164
 42 165
 42 166
 42 169
 42 174
 42 176
 42 177
 42 178
 42 179
 42 180
 42 181
 42 182
 42 183
 42 188
 42 189
 42 190
 42 191
 42 193
 42 194
 42 195
 42 200
 43 44
 43 45
 43 47
 43 49
 43 50
 43 51
 43 54
 43 55
 43 58
 43 60
 43 62
 43 66
 43 69
 43 72
 43 73
 43 74
 43 75
 43 84
 43 87
 43 89
 43 90
 43 91
 43 92
 43 93
 43 95
 43 98
 43 99
 43 100
 43 103
 43 104
 43 105
 43 106
 43 107
 43 109
 43 110
 43 111
 43 113
 43 115
 43 117
 43 118
 43 119
 43 120
 43 124
 43 126
 43 127
 43 128
 43 129
 43 131
 43 132
 43 138
 43 139
 43 140
 43 142
 43 143
 43 147
 43 148
 43 149
 43 150
 43 155
 43 156
 43 157
 43 158
 43 159
 43 162
 43 163
 43 167
 43 169
 43 170
 43 172
 43 174
 43 178
 43 179
 43 185
 43 186
 43 187
 43 189
 43 192
 44 45
 44 46
 44 48
 44 50
 44 52
 44 53
 44 54
 44 55
 44 58
 44 59
 44 60
 44 63
 44 68
 44 69
 44 70
 44 71
 44 72
 44 74
 44 76
 44 77
 44 78
 44 79
 44 80
 44 82
 44 83
 44 85
 44 88
 44 91
 44 94
 44 95
 44 100
 44 101
 44 102
 44 103
 44 104
 44 108
 44 112
 44 113
 44 116
 44 117
 44 118
 44 119
 44 120
 44 122
 44 124
 44 125
 44 130
 44 131
 44 133
 44 135
 44 136
 44 137
 44 138
 44 150
 44 152
 44 153
 44 157
 44 159
 44 161
 44 162
 44 163
 44 164
 44 168
 44 169
 44 172
 44 175
 44 176
 44 178
 44 182
 44 183
 44 184
 44 186
 44 187
 44 190
 44 191
 44 192
 44 194
 44 195
 44 196
 44 198
 44 199
 44 200
 45 46
 45 50
 45 52
 45 55
 45 56
 45 58
 45 59
 45 60
 45 62
 45 63
 45 65
 45 66
 45 68
 45 70
 45 71
 45 72
 45 75
 45 76
 45 78
 45 79
 45 81
 45 82
 45 85
 45 88
 45 89
 45 90
 45 92
 45 93
 45 94
 45 98
 45 99
 45 104
 45 108
 45 112
 45 116
 45 117
 45 119
 45 122
 45 124
 45 128
 45 130
 45 134
 45 135
 45 136
 45 138
 45 139
 45 141
 45 142
 45 144
 45 148
 45 151
 45 152
 45 153
 45 155
 45 159
 45 161
 45 162
 45 165
 45 166
 45 167
 45 171
 45 172
 45 175
 45 178
 45 181
 45 184
 45 187
 45 189
 45 190
 45 191
 45 192
 45 194
 45 199
 46 47
 46 51
 46 54
 46 57
 46 58
 46 60
 46 62
 46 63
 46 64
 46 66
 46 72
 46 74
 46 77
 46 80
 46 81
 46 82
 46 83
 46 87
 46 88
 46 89
 46 90
 46 92
 46 94
 46 102
 46 103
 46 104
 46 106
 46 107
 46 109
 46 110
 46 113
 46 115
 46 116
 46 118
 46 119
 46 121
 46 122
 46 123
 46 124
 46 126
 46 127
 46 128
 46 132
 46 134
 46 135
 46 137
 46 139
 46 141
 46 142
 46 145
 46 151
 46 152
 46 154
 46 155
 46 156
 46 158
 46 159
 46 160
 46 161
 46 164
 46 165
 46 167
 46 168
 46 169
 46 170
 46 173
 46 174
 46 179
 46 184
 46 186
 46 188
 46 189
 46 191
 46 192
 46 193
 46 198
 46 199
 46 200
 47 48
 47 51
 47 52
 47 54
 47 57
 47 58
 47 59
 47 60
 47 61
 47 63
 47 65
 47 67
 47 68
 47 69
 47 70
 47 73
 47 75
 47 77
 47 78
 47 85
 47 86
 47 87
 47 89
 47 91
 47 93
 47 94
 47 95
 47 97
 47 98
 47 99
 47 101
 47 102
 47 104
 47 106
 47 107
 47 108
 47 112
 47 114
 47 116
 47 118
 47 119
 47 121
 47 122
 47 123
 47 124
 47 125
 47 128
 47 130
 47 131
 47 133
 47 135
 47 136
 47 137
 47 141
 47 144
 47 149
 47 150
 47 152
 47 153
 47 155
 47 159
 47 160
 47 162
 47 163
 47 165
 47 166
 47 170
 47 171
 47 173
 47 176
 47 179
 47 185
 47 188
 47 190
 47 192
 47 193
 47 194
 47 196
 47 200
 48 49
 48 50
 48 51
 48 52
 48 53
 48 60
 48 63
 48 64
 48 65
 48 66
 48 68
 48 69
 48 72
 48 76
 48 79
 48 81
 48 82
 48 86
 48 87
 48 88
 48 90
 48 93
 48 94
 48 95
 48 96
 48 98
 48 99
 48 100
 48 101
 48 102
 48 104
 48 106
 48 108
 48 109
 48 110
 48 111
 48 113
 48 114
 48 118
 48 119
 48 120
 48 121
 48 124
 48 125
 48 127
 48 133
 48 136
 48 137
 48 139
 48 140
 48 142
 48 146
 48 147
 48 149
 48 151
 48 157
 48 158
 48 160
 48 161
 48 162
 48 164
 48 166
 48 169
 48 170
 48 171
 48 172
 48 173
 48 174
 48 175
 48 177
 48 178
 48 179
 48 181
 48 182
 48 185
 48 186
 48 188
 48 189
 48 190
 48 193
 48 196
 48 200
 49 50
 49 51
 49 53
 49 54
 49 55
 49 57
 49 58
 49 59
 49 61
 49 63
 49 67
 49 70
 49 71
 49 72
 49 73
 49 75
 49 76
 49 77
 49 83
 49 84
 49 87
 49 90
 49 99
 49 101
 49 103
 49 105
 49 106
 49 110
 49 111
 49 115
 49 116
 49 121
 49 122
 49 128
 49 129
 49 130
 49 131
 49 132
 49 134
 49 135
 49 136
 49 137
 49 139
 49 141
 49 143
 49 144
 49 146
 49 147
 49 148
 49 150
 49 153
 49 154
 49 155
 49 161
 49 165
 49 166
 49 167
 49 168
 49 169
 49 171
 49 173
 49 174
 49 176
 49 178
 49 179
 49 184
 49 185
 49 187
 49 188
 49 190
 49 192
 49 194
 49 199
 49 200
 50 77
 51 56
 57 126
 61 182
 64 81
 65 68
 68 192
 73 119
 76 79
 77 137
 81 104
 85 170
 92 168
 93 192
 99 102
 99 119
 109 134
 110 167
 118 141
 122 136
 125 166
 128 137
 131 143
 147 167
 153 192
 154 196
 170 199
 172 186